6 24 1 1 6 1 6 1 1 1 26 1 1 1 6 1 6 1 1 1 26 1 1 1 6 1 6 1 1 1 26 1 1 1 6 1 6 1 1 23 6
6 24 1 6 1 6 1 1 23 1 24 1 1 6 1 6 1 1 23 1 24 1 1 6 1 6 1 1 23 1 24 1 1 6 1 6 1 23 6
6 1 6 1 6 1 23 1 1 1 24 1 6 1 6 1 23 1 1 1 24 1 6 1 6 1 23 1 1 1 24 1 6 1 6 1 6
6 1 6 23 1 1 1 1 1 24 6 1 6 23 1 1 1 1 1 24 6 1 6 23 1 1 1 1 1 24 6 1 6
6 24 1 1 6 1 6 1 1 1 26 1 1 1 6 1 6 1 1 1 26 1 1 1 6 1 6 1 1 23 6
6 24 1 6 1 6 1 1 23 1 24 1 1 6 1 6 1 1 23 1 24 1 1 6 1 6 1 23 6
6 1 6 1 6 1 23 1 1 1 24 1 6 1 6 1 23 1 1 1 24 1 6 1 6 1 6
6 1 6 23 1 1 1 1 1 24 6 1 6 23 1 1 1 1 1 24 6 1 6
6 24 1 1 6 1 6 1 1 1 26 1 1 1 6 1 6 1 1 23 6
6 24 1 6 1 6 1 1 23 1 24 1 1 6 1 6 1 23 6
6 1 6 1 6 1 23 1 1 1 24 1 6 1 6 1 6
6 1 6 23 1 1 1 1 1 24 6 1 6
6 24 1 1 6 1 6 1 1 23 6
6 24 1 6 1 6 1 23 6
6 1 6 1 6 1 6
6 1 6